Varinace targeting = False
Model restriction = scalar
Method = Powell
Max eigenvalue = 0.9593
Total time (minutes) = 1.40
True likelihood = 11230.11
Initial likelihood = 11213.31
Final likelihood = 11191.05
Likelihood difference = 22.26
Success = True
Message = Optimization terminated successfully.
Iterations = 3

A = 
[[ 0.214  0.     0.     0.     0.     0.   ]
 [ 0.     0.214  0.     0.     0.     0.   ]
 [ 0.     0.     0.214  0.     0.     0.   ]
 [ 0.     0.     0.     0.214  0.     0.   ]
 [ 0.     0.     0.     0.     0.214  0.   ]
 [ 0.     0.     0.     0.     0.     0.214]]

B = 
[[ 0.9558  0.      0.      0.      0.      0.    ]
 [ 0.      0.9558  0.      0.      0.      0.    ]
 [ 0.      0.      0.9558  0.      0.      0.    ]
 [ 0.      0.      0.      0.9558  0.      0.    ]
 [ 0.      0.      0.      0.      0.9558  0.    ]
 [ 0.      0.      0.      0.      0.      0.9558]]

C = 
[[ 1.0693  0.      0.      0.      0.      0.    ]
 [ 0.561   0.7924  0.      0.      0.      0.    ]
 [ 0.4817  0.198   0.7762  0.      0.      0.    ]
 [ 0.631   0.291   0.2231  0.9153  0.      0.    ]
 [ 0.495   0.2836  0.3014  0.0588  0.6754  0.    ]
 [ 0.6692  0.217   0.2048  0.1081  0.165   0.7257]]

H0 estim = 
[[ 28.062   14.7235  12.6418  16.56    12.9907  17.5638]
 [ 14.7235  23.1373  10.4838  14.3489  12.3318  13.4356]
 [ 12.6418  10.4838  21.4437  13.1248  12.9719  12.8686]
 [ 16.56    14.3489  13.1248  33.6333  12.6628  15.4651]
 [ 12.9907  12.3318  12.9719  12.6628  21.4974  14.0474]
 [ 17.5638  13.4356  12.8686  15.4651  14.0474  27.0602]]

H0 target = 
[[ 28.5285  15.2319  13.7395  18.4337  13.7289  18.0752]
 [ 15.2319  23.4624  11.7628  16.4544  13.2729  14.015 ]
 [ 13.7395  11.7628  23.2293  15.4277  14.6993  13.7358]
 [ 18.4337  16.4544  15.4277  38.5396  13.8809  16.6588]
 [ 13.7289  13.2729  14.6993  13.8809  22.3365  14.1606]
 [ 18.0752  14.015   13.7358  16.6588  14.1606  26.2311]]
